p cnf 16 108
1 2 3 5 7 9 0
1 2 3 5 7 10 0
1 2 3 5 7 11 0
1 2 3 5 9 10 0
1 2 3 5 9 11 0
1 2 3 5 10 11 0
1 2 3 7 9 10 0
1 2 3 7 9 11 0
1 2 3 7 10 11 0
1 2 3 9 10 11 0
1 2 5 7 9 10 0
1 2 5 7 9 11 0
1 2 5 7 10 11 0
1 2 5 9 10 11 0
1 2 7 9 10 11 0
1 3 5 7 9 10 0
1 3 5 7 9 11 0
1 3 5 7 10 11 0
1 3 5 9 10 11 0
1 3 7 9 10 11 0
1 5 7 9 10 11 0
2 3 5 7 9 10 0
2 3 5 7 9 11 0
2 3 5 7 10 11 0
2 3 5 9 10 11 0
2 3 7 9 10 11 0
2 5 7 9 10 11 0
3 5 7 9 10 11 0
-1 -2 -3 -5 0
-1 -2 -3 -7 0
-1 -2 -3 -9 0
-1 -2 -3 -10 0
-1 -2 -3 -11 0
-1 -2 -5 -7 0
-1 -2 -5 -9 0
-1 -2 -5 -10 0
-1 -2 -5 -11 0
-1 -2 -7 -9 0
-1 -2 -7 -10 0
-1 -2 -7 -11 0
-1 -2 -9 -10 0
-1 -2 -9 -11 0
-1 -2 -10 -11 0
-1 -3 -5 -7 0
-1 -3 -5 -9 0
-1 -3 -5 -10 0
-1 -3 -5 -11 0
-1 -3 -7 -9 0
-1 -3 -7 -10 0
-1 -3 -7 -11 0
-1 -3 -9 -10 0
-1 -3 -9 -11 0
-1 -3 -10 -11 0
-1 -5 -7 -9 0
-1 -5 -7 -10 0
-1 -5 -7 -11 0
-1 -5 -9 -10 0
-1 -5 -9 -11 0
-1 -5 -10 -11 0
-1 -7 -9 -10 0
-1 -7 -9 -11 0
-1 -7 -10 -11 0
-1 -9 -10 -11 0
-2 -3 -5 -7 0
-2 -3 -5 -9 0
-2 -3 -5 -10 0
-2 -3 -5 -11 0
-2 -3 -7 -9 0
-2 -3 -7 -10 0
-2 -3 -7 -11 0
-2 -3 -9 -10 0
-2 -3 -9 -11 0
-2 -3 -10 -11 0
-2 -5 -7 -9 0
-2 -5 -7 -10 0
-2 -5 -7 -11 0
-2 -5 -9 -10 0
-2 -5 -9 -11 0
-2 -5 -10 -11 0
-2 -7 -9 -10 0
-2 -7 -9 -11 0
-2 -7 -10 -11 0
-2 -9 -10 -11 0
-3 -5 -7 -9 0
-3 -5 -7 -10 0
-3 -5 -7 -11 0
-3 -5 -9 -10 0
-3 -5 -9 -11 0
-3 -5 -10 -11 0
-3 -7 -9 -10 0
-3 -7 -9 -11 0
-3 -7 -10 -11 0
-3 -9 -10 -11 0
-5 -7 -9 -10 0
-5 -7 -9 -11 0
-5 -7 -10 -11 0
-5 -9 -10 -11 0
-7 -9 -10 -11 0
-6 0
1 2 3 5 7 9 10 0
1 2 3 5 7 9 11 0
1 2 3 5 7 10 11 0
1 2 3 5 9 10 11 0
1 2 3 7 9 10 11 0
1 2 5 7 9 10 11 0
1 3 5 7 9 10 11 0
2 3 5 7 9 10 11 0
6 0
