15 8
110 120 150 180 200 250 300 350 400 450 500 550 600 650 700
5 1500
10 2000
15 2500
20 3000
25 3500
30 4000
35 4500
40 5000
0.1 0.2 0.3 0.4 0.5 0.6 0.7 0.8
0.2 0.3 0.4 0.5 0.6 0.7 0.8 0.1
0.3 0.4 0.5 0.6 0.7 0.8 0.1 0.2
0.4 0.5 0.6 0.7 0.8 0.1 0.2 0.3
0.5 0.6 0.7 0.8 0.1 0.2 0.3 0.4
0.6 0.7 0.8 0.1 0.2 0.3 0.4 0.5
0.7 0.8 0.1 0.2 0.3 0.4 0.5 0.6
0.8 0.1 0.2 0.3 0.4 0.5 0.6 0.7
0.1 0.3 0.5 0.7 0.9 0.2 0.4 0.6
0.2 0.4 0.6 0.8 1.0 0.3 0.5 0.7
0.3 0.5 0.7 0.9 0.2 0.4 0.6 0.8
0.4 0.6 0.8 1.0 0.3 0.5 0.7 0.9
0.5 0.7 0.9 0.2 0.4 0.6 0.8 1.0
0.6 0.8 1.0 0.3 0.5 0.7 0.9 0.2
0.7 0.9 0.2 0.4 0.6 0.8 1.0 0.3
